1.000000000000000000e+00 0.000000000000000000e+00
9.999901304280685022e-01 2.268192939691715537e-05
9.999605221019081114e-01 9.072682214350535901e-05
9.999111761904044826e-01 2.041319919441342279e-04
9.998420946416499699e-01 3.628929617569554011e-04
9.997532801828658000e-01 5.670034639706500457e-04
9.996447363202946024e-01 8.164554406517865459e-04
9.995164673390624088e-01 1.111239043864120646e-03
9.993684783030087893e-01 1.348568615627376843e-03
9.992007750544875666e-01 1.372052627632486255e-03
9.990133642141357795e-01 1.398296355547834491e-03
9.988062531806125577e-01 1.427298763315959507e-03
9.985794501303069115e-01 1.459058705971433278e-03
9.983329640170148789e-01 1.493574929686158903e-03
9.980668045715862524e-01 1.530846071818692256e-03
9.977809823015399981e-01 1.570870660968171073e-03
9.974755084906501423e-01 1.613577829431972477e-03
9.971503951984994618e-01 1.658986085713937131e-03
9.968056552600041975e-01 1.707135576539953181e-03
9.964413022849067936e-01 1.758024401050578556e-03
9.960573506572389935e-01 1.811650550242127622e-03
9.956538155347532948e-01 1.868011907046052134e-03
9.952307128483255383e-01 1.927106246412541024e-03
9.947880593013254114e-01 1.988931235398200270e-03
9.943258723689569756e-01 2.053221670734239890e-03
9.938441702975688852e-01 2.120204331808983600e-03
9.933429721039339633e-01 2.189898009145208047e-03
9.928222975744990242e-01 2.262299951355850602e-03
9.922821672646027213e-01 2.337407300136234989e-03
9.917226024976648624e-01 2.415217090376814424e-03
9.911436253643444161e-01 2.495726250280300151e-03
9.905452587216669880e-01 2.578820589852565126e-03
9.899275261921234303e-01 2.664228115705158384e-03
9.892904521627360337e-01 2.752309791888063462e-03
9.886340617840967404e-01 2.843062141087565609e-03
9.879583809693737173e-01 2.936481580556288273e-03
9.872634363932886181e-01 3.032564422254691028e-03
9.865492554910633149e-01 3.131306872996758583e-03
9.858158664573369867e-01 3.232705034599603344e-03
9.850632982450528985e-01 3.336358558512358963e-03
9.842915805643155380e-01 3.442305621959546036e-03
9.835007438812175540e-01 3.550877482280889730e-03
9.826908194166369404e-01 3.662069853245270012e-03
9.818618391450049110e-01 3.775878345168293126e-03
9.810138357930429098e-01 3.892298465085569648e-03
9.801468428384715326e-01 4.011325616930072613e-03
9.792608945086879180e-01 4.132955101713714496e-03
9.783560257794152726e-01 4.256306633540429818e-03
9.774322723733215312e-01 4.382071694828071351e-03
9.764896707586094848e-01 4.510402858818457483e-03
9.755282581475768211e-01 4.641295059216982155e-03
9.745480724951472995e-01 4.774743128623692989e-03
9.735491524973721722e-01 4.910741798737294772e-03
9.725315375899024062e-01 5.049285700563149737e-03
9.714952679464321506e-01 5.190157938459838416e-03
9.704403844771127829e-01 5.332387342575406475e-03
9.693669288269370909e-01 5.477120824433356905e-03
9.682749433740961420e-01 5.624352670203613958e-03
9.671644712283060663e-01 5.774077067425026355e-03
9.660355562291054188e-01 5.926288105234739367e-03
9.648882429441256736e-01 6.080979774601646959e-03
9.637225766673306326e-01 6.238145968563452159e-03
9.625386034172289662e-01 6.396977739300757637e-03
9.613363699350574443e-01 6.557315403320274072e-03
9.601159236829351906e-01 6.720082040607061602e-03
9.588773128419905145e-01 6.885271225413019947e-03
9.576205863104587657e-01 7.052876436351912526e-03
9.563457937017514343e-01 7.222891056657021469e-03
9.550529853424978288e-01 7.395308374442244315e-03
9.537422122705584426e-01 7.570121582967132001e-03
9.524135262330097884e-01 7.745665472476598312e-03
9.510669796841013657e-01 7.923068315439180109e-03
9.497026257831855389e-01 8.102817215338536938e-03
9.483205183926179949e-01 8.284905075995885326e-03
9.469207120756318874e-01 8.469324708894304665e-03
9.455032620941838939e-01 8.656068833462426948e-03
9.440682244067721829e-01 8.845130077361998411e-03
9.426156556662276254e-01 9.036306648057476631e-03
9.411456132174766953e-01 9.227436827546092735e-03
9.396581550952780582e-01 9.420831336744941997e-03
9.381533400219317365e-01 9.616482540769868970e-03
9.366312274049600761e-01 9.814382715646371991e-03
9.350918773347628443e-01 1.001452404861442880e-02
9.335353505822450160e-01 1.021689863843690260e-02
9.319617085964175818e-01 1.042149849571148701e-02
9.303710135019718219e-01 1.062716537204334843e-02
9.287633280968261573e-01 1.083317930284438679e-02
9.271387158496475767e-01 1.104136229312190076e-02
9.254972408973458631e-01 1.125170612416792615e-02
9.238389680425416195e-01 1.146420249196813956e-02
9.221639627510075377e-01 1.167884300752981830e-02
9.204722911490845760e-01 1.189561919721293659e-02
9.187640200210709374e-01 1.211452250306468970e-02
9.170392168065855110e-01 1.233319459086691661e-02
9.152979495979063351e-01 1.255290484726195865e-02
9.135402871372808598e-01 1.277468382980705142e-02
9.117662988142136715e-01 1.299852278304763908e-02
9.099760546627261304e-01 1.322441287020516276e-02
9.081696253585920253e-01 1.345234517352575376e-02
9.063470822165469176e-01 1.368231069463236860e-02
9.045084971874737256e-01 1.391430034905209723e-02
9.026539428555608868e-01 1.414446212936787406e-02
9.007834924354383155e-01 1.437659671355326352e-02
8.988972197692854937e-01 1.461069493733241353e-02
8.969951993239176913e-01 1.484674755890826037e-02
8.950775061878450956e-01 1.508474525932751442e-02
8.931442160683094045e-01 1.532467864284843551e-02
8.911954052882939958e-01 1.556653823731191100e-02
8.892311507835116702e-01 1.580900768211444818e-02
8.872515300993668586e-01 1.605042235975195908e-02
8.852566213878945156e-01 1.629370141182165388e-02
8.832465034046749208e-01 1.653883523408312961e-02
8.812212555057239438e-01 1.678581414907284741e-02
8.791809576443609942e-01 1.703462840648610477e-02
8.771256903680518802e-01 1.728526818356208861e-02
8.750555348152297963e-01 1.753772358547152355e-02
8.729705727120911085e-01 1.778909607263795545e-02
8.708708863693696012e-01 1.804043219876250159e-02
8.687565586790868544e-01 1.829352091978772576e-02
8.666276731112800835e-01 1.854835224420424422e-02
8.644843137107057762e-01 1.880491611170777289e-02
8.623265650935233451e-01 1.906320239359608759e-02
8.601545124439533563e-01 1.932320089316906520e-02
8.579682415109155524e-01 1.958490134613109779e-02
8.557678386046426722e-01 1.984356607416418172e-02
8.535533905932737309e-01 2.010348671099793094e-02
8.513249848994246527e-01 2.036504562956163722e-02
8.490827094967363653e-01 2.062823250395706687e-02
8.468266529064024661e-01 2.089303694401707656e-02
8.445569041936742405e-01 2.115944849571577135e-02
8.422735529643443630e-01 2.142745664158127172e-02
8.399766893612095053e-01 2.169577506708565695e-02
8.376664040605121819e-01 2.196139630925121600e-02
8.353427882683599481e-01 2.222855020268624249e-02
8.330059337171258349e-01 2.249722620061242462e-02
8.306559326618259131e-01 2.276741369616144817e-02
8.282928778764782063e-01 2.303910202279361996e-02
8.259168626504393984e-01 2.331228045471897548e-02
8.235279807847222244e-01 2.358693820732081503e-02
8.211263265882922102e-01 2.385986355513937396e-02
8.187119948743448727e-01 2.413147875634699679e-02
8.162850809565622701e-01 2.440450947051277242e-02
8.138456806453502335e-01 2.467894491885160024e-02
8.113938902440562817e-01 2.495477426712187918e-02
8.089298065451671071e-01 2.523198662605327658e-02
8.064535268264882983e-01 2.551057105177646778e-02
8.039651488473027463e-01 2.579051654625537371e-02
8.014647708445123975e-01 2.606637973175261747e-02
7.989524915287594675e-01 2.634256608891258344e-02
7.964284100805296696e-01 2.662004990848251818e-02
7.938926261462364575e-01 2.689882023587636395e-02
7.913452398342879501e-01 2.717886606571888464e-02
7.887863517111337597e-01 2.746017634228026250e-02
7.862160627972953897e-01 2.774273995991245745e-02
7.836344745633782027e-01 2.802549603973844561e-02
7.810416889260652917e-01 2.830369307972620263e-02
7.784378082440939206e-01 2.858308058009684238e-02
7.758229353142152007e-01 2.886364751111018812e-02
7.731971733671345604e-01 2.914538279646426699e-02
7.705606260634378923e-01 2.942827531373240491e-02
7.679133974894982728e-01 2.971231389480238905e-02
7.652555921533670258e-01 2.999748732631740689e-02
7.625873149806479123e-01 3.028041472183051752e-02
7.599086713103546664e-01 3.056050296868130511e-02
7.572197668907532098e-01 3.084166411496884475e-02
7.545207078751856589e-01 3.112388706093253965e-02
7.518116008178804544e-01 3.140716066489369906e-02
7.490925526697453929e-01 3.169147374369549186e-02
7.463636707741457821e-01 3.197681507314439897e-02
7.436250628626661641e-01 3.226317338845330340e-02
7.408768370508576062e-01 3.254452475392545507e-02
7.381191018339695598e-01 3.282504274690706270e-02
7.353519660826662863e-01 3.310651696622647633e-02
7.325755390387291843e-01 3.338893629976349975e-02
7.297899303107439062e-01 3.367228959808640787e-02
7.269952498697733745e-01 3.395656567489216404e-02
7.241916080450161441e-01 3.424175330744801127e-02
7.213791155194507754e-01 3.452719998415609837e-02
7.185578833254664399e-01 3.480582780327311221e-02
7.157280228404795386e-01 3.508530776136327411e-02
7.128896457825363298e-01 3.536562882503638261e-02
7.100428642059031237e-01 3.564677992769682557e-02
7.071877904966420436e-01 3.592874996998048076e-02
7.043245373681745747e-01 3.621152782019286531e-02
7.014532178568313459e-01 3.649510231474868693e-02
6.985739453173902547e-01 3.677602760257013548e-02
6.956868334186011582e-01 3.705221496189049779e-02
6.927919961386983516e-01 3.732914134785211835e-02
6.898895477609006122e-01 3.760679582787548880e-02
6.869796028689001410e-01 3.788516744063717689e-02
6.840622763423389596e-01 3.816424519650249425e-02
6.811376833522728713e-01 3.844401807795955195e-02
6.782059393566253203e-01 3.872447504005402386e-02
6.752671600956294817e-01 3.899899526667353900e-02
6.723214615872584732e-01 3.927122102379750068e-02
6.693689601226455732e-01 3.954407547388116839e-02
6.664097722614933383e-01 3.981754784509802803e-02
6.634440148274711735e-01 4.009162734122717620e-02
6.604718049036046867e-01 4.036630314207936138e-02
6.574932598276523876e-01 4.064156440392429487e-02
6.545084971874737256e-01 4.091740025026902733e-02
6.515176348163870257e-01 4.118353827907458853e-02
6.485207907885174317e-01 4.145020857789048774e-02
6.455180834141358570e-01 4.171740061902994012e-02
6.425096312349880545e-01 4.198510385420865798e-02
6.394955530196146931e-01 4.225330771496130233e-02
6.364759677586625530e-01 4.252200161305870474e-02
6.334509946601877273e-01 4.279117494092581769e-02
6.304207531449484980e-01 4.305742512286268864e-02
6.273853628416911077e-01 4.331648953207786062e-02
6.243449435824273142e-01 4.357598315249376630e-02
6.212996153977037306e-01 4.383589573974657622e-02
6.182494985118623942e-01 4.409621703293240685e-02
6.151947133382953403e-01 4.435693675501234390e-02
6.121353804746906269e-01 4.461804461321818016e-02
6.090716206982712544e-01 4.487953029945877109e-02
6.060035549610272021e-01 4.513408056273023744e-02
6.029313043849406917e-01 4.538441065162956978e-02
5.998549902572034576e-01 4.563507184283347590e-02
5.967747340254301314e-01 4.588605424066730110e-02
5.936906572928623005e-01 4.613734793677574247e-02
5.906028818135686809e-01 4.638894301051395969e-02
5.875115294876380734e-01 4.664082952933923387e-02
5.844167223563668800e-01 4.689299754920311231e-02
5.813185825974417353e-01 4.713362692672326548e-02
5.782172325201154761e-01 4.737352132236091751e-02
5.751127945603785596e-01 4.761365457064862389e-02
5.720053912761260406e-01 4.785401719153690309e-02
5.688951453423189975e-01 4.809459969592104478e-02
5.657821795461412950e-01 4.833539258601571298e-02
5.626666167821521292e-01 4.857638635572993774e-02
5.595485800474349070e-01 4.881439419941831226e-02
5.564281924367407983e-01 4.904198584657827598e-02
5.533055771376299559e-01 4.926973997460259991e-02
5.501808574256074058e-01 4.949764759214830834e-02
5.470541566592571625e-01 4.972569970181287685e-02
5.439255982753715690e-01 4.995388730048951759e-02
5.407953057840787503e-01 5.018220137972255468e-02
5.376634027639664026e-01 5.041063292606307034e-02
5.345300128572029186e-01 5.063116993840315744e-02
5.313952597646566245e-01 5.084494177304598600e-02
5.282592672410122425e-01 5.105879812964379122e-02
5.251221590898847991e-01 5.127273056551379798e-02
5.219840591589324230e-01 5.148673063496976565e-02
5.188450913349672566e-01 5.170078988965536720e-02
5.157053795390640349e-01 5.191489987887776270e-02
5.125650477216687761e-01 5.212905214994116576e-02
5.094242198577041414e-01 5.232968468307733212e-02
5.062830199416762378e-01 5.252787674690736347e-02
5.031415719827794231e-01 5.272608446084863648e-02
5.000000000000000000e-01 5.292429999999999357e-02
4.968584280172205214e-01 5.312251553915135066e-02
4.937169800583236512e-01 5.332072325309263061e-02
4.905757801422958586e-01 5.351891531692265502e-02
4.874349522783312794e-01 5.371443121449466507e-02
4.842946204609358540e-01 5.389532671389285490e-02
4.811549086650326879e-01 5.407618649760746743e-02
4.780159408410675215e-01 5.425700342560393907e-02
4.748778409101151454e-01 5.443777035953955429e-02
4.717407327589877575e-01 5.461848016304527570e-02
4.686047402353433200e-01 5.479912570200750482e-02
4.654699871427970814e-01 5.497969984484966932e-02
4.623365972360335974e-01 5.515163841044977422e-02
4.592046942159212497e-01 5.531351462482435311e-02
4.560744017246284310e-01 5.547530759705933401e-02
4.529458433407428375e-01 5.563701093984517454e-02
4.498191425743924832e-01 5.579861826941081432e-02
4.466944228623700441e-01 5.596012320577557070e-02
4.435718075632591462e-01 5.612151937300111082e-02
4.404514199525650930e-01 5.628280039944311142e-02
4.373333832178478153e-01 5.642866059548248825e-02
4.342178204538587605e-01 5.656981747172063618e-02
4.311048546576810025e-01 5.671085668707639971e-02
4.279946087238739039e-01 5.685177267356304742e-02
4.248872054396214404e-01 5.699255986805873420e-02
4.217827674798845794e-01 5.713321271252606859e-02
4.186814174025582092e-01 5.727372565423161088e-02
4.155832776436330644e-01 5.741245374346878871e-02
4.124884705123619266e-01 5.753137234958571877e-02
4.093971181864312636e-01 5.765015820409064018e-02
4.063093427071376995e-01 5.776880661752142876e-02
4.032252659745698686e-01 5.788731290584187700e-02
4.001450097427964314e-01 5.800567239062663638e-02
3.970686956150592528e-01 5.812388039924591687e-02
3.939964450389726869e-01 5.824193226504993659e-02
3.909283793017287456e-01 5.835106968646309317e-02
3.878646195253093731e-01 5.844605804451912662e-02
3.848052866617046597e-01 5.854090915122055205e-02
3.817505014881376613e-01 5.863561926200807489e-02
3.787003846022962694e-01 5.873018463788870491e-02
3.756550564175725748e-01 5.882460154558332571e-02
3.726146371583088923e-01 5.891886625767407681e-02
3.695792468550515575e-01 5.901297505275154148e-02
3.665490053398122172e-01 5.909015947945774061e-02
3.635240322413373359e-01 5.915976516237736460e-02
3.605044469803853069e-01 5.922924686928199289e-02
3.574903687650119455e-01 5.929860185715279952e-02
3.544819165858640875e-01 5.936782738797362347e-02
3.514792092114825128e-01 5.943692072883903499e-02
3.484823651836129743e-01 5.950587915206224932e-02
3.454915028125262189e-01 5.957469993528279745e-02
3.425067401723476124e-01 5.961766323575399401e-02
3.395281950963952022e-01 5.966053701511689344e-02
3.365559851725287155e-01 5.970331960502123225e-02
3.335902277385066061e-01 5.974600931648362673e-02
3.306310398773543158e-01 5.978860446418735736e-02
3.276785384127414713e-01 5.983110336654892669e-02
3.247328399043704628e-01 5.987350434578445069e-02
3.217940606433745687e-01 5.990741864898404406e-02
3.188623166477271842e-01 5.992240493190318512e-02
3.159377236576610404e-01 5.993735466081455410e-02
3.130203971310997479e-01 5.995226724552845526e-02
3.101104522390993878e-01 5.996714209732157547e-02
3.072080038613017594e-01 5.998197862896023635e-02
3.043131665813987863e-01 5.999677625472357029e-02
3.014260546826096343e-01 6.001153439042665461e-02
2.985467821431686541e-01 6.000855290069222192e-02
2.956754626318255363e-01 5.999453272191138803e-02
2.928122095033579564e-01 5.998055192994543316e-02
2.899571357940968763e-01 5.996661107673206814e-02
2.871103542174636702e-01 5.995271071263232748e-02
2.842719771595204614e-01 5.993885138640876742e-02
2.814421166745334490e-01 5.992503364520386511e-02
2.786208844805491136e-01 5.991125803451838316e-02
2.758083919549839669e-01 5.986959329718932743e-02
2.730047501302266255e-01 5.982573541232604625e-02
2.702100696892560938e-01 5.978201771203800474e-02
2.674244609612708157e-01 5.973844192222516059e-02
2.646480339173337137e-01 5.969500976318507790e-02
2.618808981660303847e-01 5.965172294954502324e-02
2.591231629491422828e-01 5.960858319019429058e-02
2.563749371373337249e-01 5.955824615005105016e-02
2.536363292258542734e-01 5.948364194958565693e-02
2.509074473302546071e-01 5.940930270184875683e-02
2.481883991821196012e-01 5.933523134162656948e-02
2.454792921248143411e-01 5.926143079312956585e-02
2.427802331092467347e-01 5.918790396987702596e-02
2.400913286896452226e-01 5.911465377458205439e-02
2.374126850193520877e-01 5.904168309903691514e-02
2.347444078466328632e-01 5.895104905345756319e-02
2.320866025105017827e-01 5.884541955921325507e-02
2.294393739365621077e-01 5.874021041856890973e-02
2.268028266328654952e-01 5.863542578500125640e-02
2.241770646857849103e-01 5.853106979522820774e-02
2.215621917559059684e-01 5.842714656904554604e-02
2.189583110739346528e-01 5.832366020916431026e-02
2.163655254366216862e-01 5.822061480104877979e-02
2.137839372027044993e-01 5.808853994243025343e-02
2.112136482888660738e-01 5.795169558282316224e-02
2.086547601657120499e-01 5.781545821097212878e-02
2.061073738537634870e-01 5.767983320529528751e-02
2.035715899194703860e-01 5.754482592003563879e-02
2.010475084712405325e-01 5.741044168504964851e-02
1.985352291554876025e-01 5.727668580559680533e-02
1.960348511526972537e-01 5.713795341954840817e-02
1.935464731735117017e-01 5.696910118074594020e-02
1.910701934548327263e-01 5.680106988570250703e-02
1.886061097559438293e-01 5.663386616800595436e-02
1.861543193546498220e-01 5.646749662857271368e-02
1.837149190434377855e-01 5.630196783538736482e-02
1.812880051256551273e-01 5.613728632324321149e-02
1.788736734117077898e-01 5.597345859348439034e-02
1.764720192152777756e-01 5.579293970651812151e-02
1.740831373495605461e-01 5.559295927698484907e-02
1.717071221235216827e-01 5.539405595225380813e-02
1.693440673381739758e-01 5.519623758468768238e-02
1.669940662828742206e-01 5.499951198381691775e-02
1.646572117316399964e-01 5.480388691603136492e-02
1.623335959394877626e-01 5.460937010427374672e-02
1.600233106387903836e-01 5.441596922773472844e-02
1.577264470356556370e-01 5.419317431950015918e-02
1.554430958063257040e-01 5.396256265910426286e-02
1.531733470935974228e-01 5.373332481229374513e-02
1.509172905032635792e-01 5.350546982898630316e-02
1.486750151005754583e-01 5.327900670450652632e-02
1.464466094067262691e-01 5.305394437923077050e-02
1.442321613953573278e-01 5.283029173823428765e-02
1.420317584890843920e-01 5.260486032947178647e-02
1.398454875560465327e-01 5.234262845107983536e-02
1.376734349064766549e-01 5.208210198217075315e-02
1.355156862892941683e-01 5.182329120788342625e-02
1.333723268887199165e-01 5.156620634562408823e-02
1.312434413209130901e-01 5.131085754466290644e-02
1.291291136306304543e-01 5.105725488573328863e-02
1.270294272879089470e-01 5.080540838063397902e-02
1.249444651847702037e-01 5.053860596814852696e-02
1.228743096319480643e-01 5.024703738324668573e-02
1.208190423556390614e-01 4.995756571985813382e-02
1.187787444942760007e-01 4.967020240582847163e-02
1.167534965953250237e-01 4.938495878576931730e-02
1.147433786121053179e-01 4.910184612061034570e-02
1.127484699006331414e-01 4.882087558715485220e-02
1.107688492164883298e-01 4.854205827763834885e-02
1.088045947117059487e-01 4.823379632458238420e-02
1.068557839316905400e-01 4.791396463985635179e-02
1.049224938121547934e-01 4.759668014906015543e-02
1.030048006760823087e-01 4.728195537804222304e-02
1.011027802307144507e-01 4.696980275159762241e-02
9.921650756456162901e-02 4.666023459297754389e-02
9.734605714443905766e-02 4.635326312340285609e-02
9.549150281252632988e-02 4.604890046158151284e-02
9.365291778345302687e-02 4.569906762831455610e-02
9.183037464140803019e-02 4.535228705786061021e-02
9.002394533727381409e-02 4.500857251408883070e-02
8.823370118578627297e-02 4.466793756626087630e-02
8.645971286271902922e-02 4.433039566206121995e-02
8.470205040209360936e-02 4.399596012706628867e-02
8.296078319341432250e-02 4.366464416421834277e-02
8.123597997892917366e-02 4.332068922397179500e-02
7.952770885091547948e-02 4.294471334906342641e-02
7.783603724899246235e-02 4.257239088797365456e-02
7.616103195745838050e-02 4.220373653935574620e-02
7.450275910265402590e-02 4.183876485705212422e-02
7.286128415035236783e-02 4.147749024951989660e-02
7.123667190317384268e-02 4.111992697926195039e-02
6.962898649802812256e-02 4.076608916226395068e-02
6.803829140358236272e-02 4.038229726651593188e-02
6.646464941775498403e-02 3.998167732639487659e-02
6.490812266523715568e-02 3.958541460589898309e-02
6.336877259503992388e-02 3.919352474880197224e-02
6.184665997806820803e-02 3.880602322624435163e-02
6.034184490472183082e-02 3.842292533612272354e-02
5.885438678252330469e-02 3.804424620248583744e-02
5.738434433377231914e-02 3.767000077493747046e-02
5.593177559322776160e-02 3.724566011101714674e-02
5.449673790581610611e-02 3.682192386786797139e-02
5.307928792436811261e-02 3.640338090188219994e-02
5.167948160738206065e-02 3.599004773641948512e-02
5.029737421681446108e-02 3.558194068916545327e-02
4.893302031589857881e-02 3.517907587148755288e-02
4.758647376699021159e-02 3.478146918779894542e-02
4.625778772944150186e-02 3.437415991971616569e-02
4.494701465750211566e-02 3.392275608452521851e-02
4.365420629824862120e-02 3.347753893441204193e-02
4.237941368954123433e-02 3.303852604578733781e-02
4.112268715800942998e-02 3.260573475012826239e-02
3.988407631706480938e-02 3.217918213329411248e-02
3.866363006494255572e-02 3.175888503485182340e-02
3.746139658277092277e-02 3.134486004741117438e-02
3.627742333266931185e-02 3.089839668312525933e-02
3.511175705587427087e-02 3.042590501440872036e-02
3.396444377089452571e-02 2.996085255526817481e-02
3.283552877169398920e-02 2.950325766517839302e-02
3.172505662590385800e-02 2.905313840920212276e-02
3.063307117306296457e-02 2.861051255727683693e-02
2.955961552288727257e-02 2.817539758351330498e-02
2.850473205356773843e-02 2.774781066550562406e-02
2.746846241009753831e-02 2.725911749852863442e-02
2.645084750262782780e-02 2.676685463428980782e-02
2.545192750485264499e-02 2.628363527926586701e-02
2.447174185242323441e-02 2.580947851012963326e-02
2.351032924139062619e-02 2.534440304577836867e-02
2.256772762667852428e-02 2.488842724659508579e-02
2.164397422058472742e-02 2.444156911372359631e-02
2.073910549131202652e-02 2.398928584448672963e-02
1.985315716152846743e-02 2.346723506906323031e-02
1.898616420695703466e-02 2.295635387091107121e-02
1.813816085499508901e-02 2.245666241874521782e-02
1.730918058336305965e-02 2.196818043952864993e-02
1.649925611878250153e-02 2.149092721769341879e-02
1.570841943568446197e-02 2.102492159437953714e-02
1.493670175494710151e-02 2.057018196669110552e-02
1.418413354266301329e-02 2.007466580770849579e-02
1.345074450893668505e-02 1.953183246093173273e-02
1.273656360671138188e-02 1.900321641742585763e-02
1.204161903062628269e-02 1.848883854604715243e-02
1.136593821590325959e-02 1.798871915355319123e-02
1.070954783726396631e-02 1.750287798380126270e-02
1.007247380787656965e-02 1.703133421696882005e-02
9.454741278332956522e-03 1.657410646879640265e-02
8.856374635655639427e-03 1.602318807950518786e-02
8.277397502335137602e-03 1.545824382279671616e-02
7.717832735397278654e-03 1.491224142797853945e-02
7.177702425500975814e-03 1.438520245029033771e-02
6.657027896065925709e-03 1.387714769632843181e-02
6.155829702431170336e-03 1.338809722322473195e-02
5.674127631043024422e-03 1.291807033785435065e-02
5.211940698674533134e-03 1.245236208650086877e-02
4.769287151674406200e-03 1.183347388554848410e-02
4.346184465246705209e-03 1.124192037333572418e-02
3.942649342761062048e-03 1.067772490338240662e-02
3.558697715093150915e-03 1.014090974915962673e-02
3.194344739995802485e-03 9.631496103210502452e-03
2.849604801500538187e-03 9.149504076313427076e-03
2.524491509349913176e-03 8.694952696688428018e-03
2.219017698460001853e-03 8.154576202822581832e-03
1.933195428413747585e-03 7.473847919148458342e-03
1.667035982985065612e-03 6.839949579313000030e-03
1.420549869693032985e-03 6.252906208537037380e-03
1.193746819387386804e-03 5.712740982287756349e-03
9.866357858642205159e-04 5.219475225363416626e-03
7.992249455124889046e-04 4.773128411051454772e-03
6.315216969912662570e-04 4.373718160359819571e-03
4.835326609376466855e-04 3.527991428999239631e-03
3.552636797053976281e-04 2.592104563536402461e-03
2.467198171341999924e-04 1.800137758069587620e-03
1.579053583500300562e-04 1.152122278093223144e-03
8.882380959551738897e-05 6.480837061479409380e-04
3.947789809194413024e-05 2.880419408136830920e-04
9.869571931442333579e-06 7.201119592314398612e-05
0.000000000000000000e+00 0.000000000000000000e+00
9.869571931442333579e-06 -7.201119592314398612e-05
3.947789809194413024e-05 -2.880419408136830920e-04
8.882380959551738897e-05 -6.480837061479409380e-04
1.579053583500300562e-04 -1.152122278093223144e-03
2.467198171341999924e-04 -1.800137758069587620e-03
3.552636797053976281e-04 -2.592104563536402461e-03
4.835326609376466855e-04 -3.527991428999239631e-03
6.315216969912662570e-04 -4.373718160359819571e-03
7.992249455124889046e-04 -4.773128411051454772e-03
9.866357858642205159e-04 -5.219475225363418361e-03
1.193746819387386804e-03 -5.712740982287757216e-03
1.420549869693032985e-03 -6.252906208537038248e-03
1.667035982985065612e-03 -6.839949579313000898e-03
1.933195428413747585e-03 -7.473847919148459210e-03
2.219017698460001853e-03 -8.154576202822581832e-03
2.524491509349913176e-03 -8.694952696688428018e-03
2.849604801500538187e-03 -9.149504076313427076e-03
3.194344739995802485e-03 -9.631496103210502452e-03
3.558697715093150915e-03 -1.014090974915962673e-02
3.942649342761062048e-03 -1.067772490338240662e-02
4.346184465246705209e-03 -1.124192037333572418e-02
4.769287151674406200e-03 -1.183347388554848410e-02
5.211940698674533134e-03 -1.245236208650086877e-02
5.674127631043024422e-03 -1.291807033785434891e-02
6.155829702431114825e-03 -1.338809722322467644e-02
6.657027896065981221e-03 -1.387714769632848386e-02
7.177702425500975814e-03 -1.438520245029033598e-02
7.717832735397334165e-03 -1.491224142797859323e-02
8.277397502335193114e-03 -1.545824382279676994e-02
8.856374635655694938e-03 -1.602318807950524338e-02
9.454741278332956522e-03 -1.657410646879640265e-02
1.007247380787656965e-02 -1.703133421696882005e-02
1.070954783726391080e-02 -1.750287798380122106e-02
1.136593821590325959e-02 -1.798871915355319123e-02
1.204161903062628269e-02 -1.848883854604715243e-02
1.273656360671143739e-02 -1.900321641742589926e-02
1.345074450893674056e-02 -1.953183246093177436e-02
1.418413354266306881e-02 -2.007466580770853742e-02
1.493670175494710151e-02 -2.057018196669110552e-02
1.570841943568446197e-02 -2.102492159437953714e-02
1.649925611878250153e-02 -2.149092721769341879e-02
1.730918058336305965e-02 -2.196818043952864993e-02
1.813816085499514452e-02 -2.245666241874524904e-02
1.898616420695703466e-02 -2.295635387091107121e-02
1.985315716152846743e-02 -2.346723506906323031e-02
2.073910549131208203e-02 -2.398928584448676432e-02
2.164397422058478293e-02 -2.444156911372362406e-02
2.256772762667852428e-02 -2.488842724659508579e-02
2.351032924139062619e-02 -2.534440304577836867e-02
2.447174185242317890e-02 -2.580947851012960897e-02
2.545192750485270050e-02 -2.628363527926589477e-02
2.645084750262782780e-02 -2.676685463428980782e-02
2.746846241009759382e-02 -2.725911749852866217e-02
2.850473205356779394e-02 -2.774781066550564834e-02
2.955961552288727257e-02 -2.817539758351330498e-02
3.063307117306296457e-02 -2.861051255727683693e-02
3.172505662590385800e-02 -2.905313840920212276e-02
3.283552877169404471e-02 -2.950325766517841730e-02
3.396444377089452571e-02 -2.996085255526817481e-02
3.511175705587427087e-02 -3.042590501440872036e-02
3.627742333266936736e-02 -3.089839668312528015e-02
3.746139658277097828e-02 -3.134486004741120213e-02
3.866363006494261123e-02 -3.175888503485184422e-02
3.988407631706486489e-02 -3.217918213329412636e-02
4.112268715800948549e-02 -3.260573475012828321e-02
4.237941368954128984e-02 -3.303852604578735863e-02
4.365420629824856569e-02 -3.347753893441202111e-02
4.494701465750217118e-02 -3.392275608452523239e-02
4.625778772944150186e-02 -3.437415991971616569e-02
4.758647376699026710e-02 -3.478146918779895930e-02
4.893302031589857881e-02 -3.517907587148755288e-02
5.029737421681451659e-02 -3.558194068916547409e-02
5.167948160738211616e-02 -3.599004773641950594e-02
5.307928792436816812e-02 -3.640338090188221382e-02
5.449673790581605060e-02 -3.682192386786795057e-02
5.593177559322770609e-02 -3.724566011101712593e-02
5.738434433377237465e-02 -3.767000077493748433e-02
5.885438678252336020e-02 -3.804424620248585132e-02
6.034184490472188633e-02 -3.842292533612273742e-02
6.184665997806826354e-02 -3.880602322624436551e-02
6.336877259503997939e-02 -3.919352474880198611e-02
6.490812266523721119e-02 -3.958541460589900390e-02
6.646464941775503954e-02 -3.998167732639489047e-02
6.803829140358230720e-02 -4.038229726651591800e-02
6.962898649802817808e-02 -4.076608916226396456e-02
7.123667190317389819e-02 -4.111992697926196427e-02
7.286128415035242334e-02 -4.147749024951990354e-02
7.450275910265408141e-02 -4.183876485705213810e-02
7.616103195745843601e-02 -4.220373653935576008e-02
7.783603724899251786e-02 -4.257239088797366844e-02
7.952770885091553499e-02 -4.294471334906343335e-02
8.123597997892911815e-02 -4.332068922397178112e-02
8.296078319341437801e-02 -4.366464416421834971e-02
8.470205040209366487e-02 -4.399596012706629561e-02
8.645971286271908474e-02 -4.433039566206123383e-02
8.823370118578632848e-02 -4.466793756626089018e-02
9.002394533727386960e-02 -4.500857251408883763e-02
9.183037464140808570e-02 -4.535228705786062409e-02
9.365291778345308238e-02 -4.569906762831456304e-02
9.549150281252638539e-02 -4.604890046158151978e-02
9.734605714443900215e-02 -4.635326312340284916e-02
9.921650756456168452e-02 -4.666023459297755083e-02
1.011027802307145063e-01 -4.696980275159763629e-02
1.030048006760823642e-01 -4.728195537804223691e-02
1.049224938121548489e-01 -4.759668014906016931e-02
1.068557839316905955e-01 -4.791396463985635873e-02
1.088045947117060042e-01 -4.823379632458239807e-02
1.107688492164883853e-01 -4.854205827763835579e-02
1.127484699006330304e-01 -4.882087558715483833e-02
1.147433786121053734e-01 -4.910184612061035958e-02
1.167534965953250792e-01 -4.938495878576931730e-02
1.187787444942760562e-01 -4.967020240582847856e-02
1.208190423556391169e-01 -4.995756571985814076e-02
1.228743096319481198e-01 -5.024703738324669267e-02
1.249444651847703147e-01 -5.053860596814854084e-02
1.270294272879090025e-01 -5.080540838063398595e-02
1.291291136306303433e-01 -5.105725488573327475e-02
1.312434413209130346e-01 -5.131085754466289950e-02
1.333723268887199720e-01 -5.156620634562409516e-02
1.355156862892942238e-01 -5.182329120788343318e-02
1.376734349064767104e-01 -5.208210198217075315e-02
1.398454875560465882e-01 -5.234262845107984230e-02
1.420317584890845031e-01 -5.260486032947180035e-02
1.442321613953574388e-01 -5.283029173823430152e-02
1.464466094067263247e-01 -5.305394437923077744e-02
1.486750151005753473e-01 -5.327900670450651244e-02
1.509172905032636347e-01 -5.350546982898631010e-02
1.531733470935975339e-01 -5.373332481229375901e-02
1.554430958063257595e-01 -5.396256265910426286e-02
1.577264470356556925e-01 -5.419317431950017305e-02
1.600233106387904392e-01 -5.441596922773473538e-02
1.623335959394878736e-01 -5.460937010427376059e-02
1.646572117316401074e-01 -5.480388691603137186e-02
1.669940662828741651e-01 -5.499951198381691775e-02
1.693440673381740313e-01 -5.519623758468768931e-02
1.717071221235217937e-01 -5.539405595225381507e-02
1.740831373495608236e-01 -5.559295927698487683e-02
1.764720192152778866e-01 -5.579293970651813539e-02
1.788736734117076788e-01 -5.597345859348438341e-02
1.812880051256552383e-01 -5.613728632324321843e-02
1.837149190434376744e-01 -5.630196783538735095e-02
1.861543193546498776e-01 -5.646749662857272062e-02
1.886061097559437183e-01 -5.663386616800594742e-02
1.910701934548330039e-01 -5.680106988570252785e-02
1.935464731735117572e-01 -5.696910118074594020e-02
1.960348511526975313e-01 -5.713795341954842899e-02
1.985352291554877135e-01 -5.727668580559681227e-02
2.010475084712404770e-01 -5.741044168504964851e-02
2.035715899194704970e-01 -5.754482592003564573e-02
2.061073738537633759e-01 -5.767983320529528057e-02
2.086547601657121054e-01 -5.781545821097212878e-02
2.112136482888661848e-01 -5.795169558282316918e-02
2.137839372027047213e-01 -5.808853994243026730e-02
2.163655254366217973e-01 -5.822061480104878672e-02
2.189583110739345417e-01 -5.832366020916430333e-02
2.215621917559060794e-01 -5.842714656904555298e-02
2.241770646857847993e-01 -5.853106979522820080e-02
2.268028266328655507e-01 -5.863542578500125640e-02
2.294393739365620521e-01 -5.874021041856890973e-02
2.320866025105018382e-01 -5.884541955921326201e-02
2.347444078466329742e-01 -5.895104905345756319e-02
2.374126850193523652e-01 -5.904168309903692208e-02
2.400913286896452781e-01 -5.911465377458205439e-02
2.427802331092466237e-01 -5.918790396987702596e-02
2.454792921248144522e-01 -5.926143079312956585e-02
2.481883991821194901e-01 -5.933523134162656254e-02
2.509074473302547181e-01 -5.940930270184875683e-02
2.536363292258541624e-01 -5.948364194958564999e-02
2.563749371373340580e-01 -5.955824615005105710e-02
2.591231629491423938e-01 -5.960858319019429058e-02
2.618808981660306623e-01 -5.965172294954503018e-02
2.646480339173337692e-01 -5.969500976318507790e-02
2.674244609612707047e-01 -5.973844192222516059e-02
2.702100696892562048e-01 -5.978201771203800474e-02
2.730047501302265145e-01 -5.982573541232603931e-02
2.758083919549840224e-01 -5.986959329718932743e-02
2.786208844805492246e-01 -5.991125803451838316e-02
2.814421166745337821e-01 -5.992503364520387205e-02
2.842719771595205724e-01 -5.993885138640876742e-02
2.871103542174635592e-01 -5.995271071263232748e-02
2.899571357940969318e-01 -5.996661107673207508e-02
2.928122095033578454e-01 -5.998055192994543316e-02
2.956754626318255919e-01 -5.999453272191138803e-02
2.985467821431685986e-01 -6.000855290069222192e-02
3.014260546826098563e-01 -6.001153439042665461e-02
3.043131665813987863e-01 -5.999677625472357029e-02
3.072080038613019815e-01 -5.998197862896022942e-02
3.101104522390994989e-01 -5.996714209732157547e-02
3.130203971310996369e-01 -5.995226724552845526e-02
3.159377236576610959e-01 -5.993735466081455410e-02
3.188623166477270732e-01 -5.992240493190318512e-02
3.217940606433747908e-01 -5.990741864898404406e-02
3.247328399043704072e-01 -5.987350434578445069e-02
3.276785384127416378e-01 -5.983110336654892669e-02
3.306310398773543158e-01 -5.978860446418735736e-02
3.335902277385068837e-01 -5.974600931648361979e-02
3.365559851725288265e-01 -5.970331960502123225e-02
3.395281950963950912e-01 -5.966053701511689344e-02
3.425067401723477234e-01 -5.961766323575398707e-02
3.454915028125262189e-01 -5.957469993528279745e-02
3.484823651836131964e-01 -5.950587915206224932e-02
3.514792092114825128e-01 -5.943692072883903499e-02
3.544819165858642540e-01 -5.936782738797361653e-02
3.574903687650119455e-01 -5.929860185715279952e-02
3.605044469803856400e-01 -5.922924686928198595e-02
3.635240322413374470e-01 -5.915976516237736460e-02
3.665490053398121062e-01 -5.909015947945774061e-02
3.695792468550516685e-01 -5.901297505275153454e-02
3.726146371583088368e-01 -5.891886625767407681e-02
3.756550564175727969e-01 -5.882460154558331877e-02
3.787003846022962694e-01 -5.873018463788870491e-02
3.817505014881378833e-01 -5.863561926200806795e-02
3.848052866617047707e-01 -5.854090915122054511e-02
3.878646195253092621e-01 -5.844605804451913356e-02
3.909283793017288011e-01 -5.835106968646309317e-02
3.939964450389725759e-01 -5.824193226504993659e-02
3.970686956150594749e-01 -5.812388039924590993e-02
4.001450097427964314e-01 -5.800567239062663638e-02
4.032252659745700907e-01 -5.788731290584187006e-02
4.063093427071376995e-01 -5.776880661752142876e-02
4.093971181864315412e-01 -5.765015820409062630e-02
4.124884705123620376e-01 -5.753137234958570490e-02
4.155832776436328979e-01 -5.741245374346880259e-02
4.186814174025583202e-01 -5.727372565423159700e-02
4.217827674798844684e-01 -5.713321271252608247e-02
4.248872054396216624e-01 -5.699255986805872032e-02
4.279946087238738484e-01 -5.685177267356305436e-02
4.311048546576811691e-01 -5.671085668707638583e-02
4.342178204538587605e-01 -5.656981747172063618e-02
4.373333832178481484e-01 -5.642866059548247437e-02
4.404514199525652041e-01 -5.628280039944309754e-02
4.435718075632590351e-01 -5.612151937300111776e-02
4.466944228623701552e-01 -5.596012320577556376e-02
4.498191425743924832e-01 -5.579861826941081432e-02
4.529458433407430040e-01 -5.563701093984517454e-02
4.560744017246283755e-01 -5.547530759705933401e-02
4.592046942159214717e-01 -5.531351462482434617e-02
4.623365972360336529e-01 -5.515163841044977422e-02
4.654699871427969704e-01 -5.497969984484966932e-02
4.686047402353433755e-01 -5.479912570200749788e-02
4.717407327589876465e-01 -5.461848016304528264e-02
4.748778409101153675e-01 -5.443777035953954041e-02
4.780159408410674660e-01 -5.425700342560393907e-02
4.811549086650329099e-01 -5.407618649760745355e-02
4.842946204609358540e-01 -5.389532671389285490e-02
4.874349522783315014e-01 -5.371443121449465119e-02
4.905757801422959696e-01 -5.351891531692264808e-02
4.937169800583235402e-01 -5.332072325309263061e-02
4.968584280172206324e-01 -5.312251553915134372e-02
4.999999999999998890e-01 -5.292430000000000051e-02
5.031415719827796451e-01 -5.272608446084862260e-02
5.062830199416762378e-01 -5.252787674690736347e-02
5.094242198577042524e-01 -5.232968468307732518e-02
5.125650477216687761e-01 -5.212905214994116576e-02
5.157053795390643680e-01 -5.191489987887774188e-02
5.188450913349673677e-01 -5.170078988965536027e-02
5.219840591589323120e-01 -5.148673063496977259e-02
5.251221590898849101e-01 -5.127273056551379105e-02
5.282592672410122425e-01 -5.105879812964379122e-02
5.313952597646568465e-01 -5.084494177304597212e-02
5.345300128572029186e-01 -5.063116993840315744e-02
5.376634027639666247e-01 -5.041063292606305646e-02
5.407953057840788613e-01 -5.018220137972254774e-02
5.439255982753714580e-01 -4.995388730048952453e-02
5.470541566592572735e-01 -4.972569970181286991e-02
5.501808574256072948e-01 -4.949764759214831528e-02
5.533055771376300669e-01 -4.926973997460259297e-02
5.564281924367407983e-01 -4.904198584657827598e-02
5.595485800474350180e-01 -4.881439419941830532e-02
5.626666167821521292e-01 -4.857638635572993774e-02
5.657821795461415171e-01 -4.833539258601569910e-02
5.688951453423191085e-01 -4.809459969592103090e-02
5.720053912761259296e-01 -4.785401719153691003e-02
5.751127945603786706e-01 -4.761365457064861001e-02
5.782172325201153651e-01 -4.737352132236092445e-02
5.813185825974419574e-01 -4.713362692672325160e-02
5.844167223563668800e-01 -4.689299754920311231e-02
5.875115294876381844e-01 -4.664082952933921999e-02
5.906028818135686809e-01 -4.638894301051395969e-02
5.936906572928625225e-01 -4.613734793677572860e-02
5.967747340254302424e-01 -4.588605424066729416e-02
5.998549902572033465e-01 -4.563507184283348284e-02
6.029313043849408027e-01 -4.538441065162955590e-02
6.060035549610272021e-01 -4.513408056273023744e-02
6.090716206982714764e-01 -4.487953029945875028e-02
6.121353804746905158e-01 -4.461804461321819404e-02
6.151947133382955624e-01 -4.435693675501232308e-02
6.182494985118623942e-01 -4.409621703293240685e-02
6.212996153977035085e-01 -4.383589573974659009e-02
6.243449435824274252e-01 -4.357598315249375243e-02
6.273853628416909967e-01 -4.331648953207786756e-02
6.304207531449486090e-01 -4.305742512286268170e-02
6.334509946601877273e-01 -4.279117494092581769e-02
6.364759677586627751e-01 -4.252200161305868392e-02
6.394955530196145821e-01 -4.225330771496130927e-02
6.425096312349882766e-01 -4.198510385420863716e-02
6.455180834141359680e-01 -4.171740061902993318e-02
6.485207907885173206e-01 -4.145020857789050162e-02
6.515176348163871367e-01 -4.118353827907457465e-02
6.545084971874736146e-01 -4.091740025026903427e-02
6.574932598276526097e-01 -4.064156440392427405e-02
6.604718049036046867e-01 -4.036630314207936138e-02
6.634440148274713955e-01 -4.009162734122715538e-02
6.664097722614933383e-01 -3.981754784509802803e-02
6.693689601226459063e-01 -3.954407547388113370e-02
6.723214615872585842e-01 -3.927122102379749374e-02
6.752671600956293707e-01 -3.899899526667355287e-02
6.782059393566254313e-01 -3.872447504005400998e-02
6.811376833522727603e-01 -3.844401807795956583e-02
6.840622763423391817e-01 -3.816424519650248037e-02
6.869796028689001410e-01 -3.788516744063717689e-02
6.898895477609007232e-01 -3.760679582787548880e-02
6.927919961386983516e-01 -3.732914134785211835e-02
6.956868334186014913e-01 -3.705221496189045616e-02
6.985739453173903657e-01 -3.677602760257013548e-02
7.014532178568312348e-01 -3.649510231474871469e-02
7.043245373681745747e-01 -3.621152782019287919e-02
7.071877904966420436e-01 -3.592874996998049464e-02
7.100428642059033457e-01 -3.564677992769681170e-02
7.128896457825363298e-01 -3.536562882503639649e-02
7.157280228404796496e-01 -3.508530776136327411e-02
7.185578833254664399e-01 -3.480582780327312609e-02
7.213791155194506644e-01 -3.452719998415611224e-02
7.241916080450161441e-01 -3.424175330744801127e-02
7.269952498697733745e-01 -3.395656567489216404e-02
7.297899303107440172e-01 -3.367228959808639399e-02
7.325755390387291843e-01 -3.338893629976349975e-02
7.353519660826663973e-01 -3.310651696622647633e-02
7.381191018339695598e-01 -3.282504274690706270e-02
7.408768370508578283e-01 -3.254452475392542732e-02
7.436250628626661641e-01 -3.226317338845328953e-02
7.463636707741456711e-01 -3.197681507314439897e-02
7.490925526697455039e-01 -3.169147374369547798e-02
7.518116008178803433e-01 -3.140716066489369906e-02
7.545207078751857699e-01 -3.112388706093251189e-02
7.572197668907532098e-01 -3.084166411496883087e-02
7.599086713103548885e-01 -3.056050296868127736e-02
7.625873149806479123e-01 -3.028041472183050364e-02
7.652555921533672478e-01 -2.999748732631740689e-02
7.679133974894983838e-01 -2.971231389480238905e-02
7.705606260634378923e-01 -2.942827531373241878e-02
7.731971733671346714e-01 -2.914538279646426699e-02
7.758229353142150897e-01 -2.886364751111021587e-02
7.784378082440941427e-01 -2.858308058009682850e-02
7.810416889260652917e-01 -2.830369307972621651e-02
7.836344745633784248e-01 -2.802549603973844561e-02
7.862160627972955007e-01 -2.774273995991244357e-02
7.887863517111336487e-01 -2.746017634228027637e-02
7.913452398342881722e-01 -2.717886606571885688e-02
7.938926261462364575e-01 -2.689882023587636395e-02
7.964284100805296696e-01 -2.662004990848251818e-02
7.989524915287593565e-01 -2.634256608891259732e-02
8.014647708445125085e-01 -2.606637973175260359e-02
8.039651488473027463e-01 -2.579051654625537371e-02
8.064535268264885204e-01 -2.551057105177644002e-02
8.089298065451672182e-01 -2.523198662605326270e-02
8.113938902440560597e-01 -2.495477426712190694e-02
8.138456806453503445e-01 -2.467894491885158637e-02
8.162850809565621590e-01 -2.440450947051278630e-02
8.187119948743449838e-01 -2.413147875634698292e-02
8.211263265882922102e-01 -2.385986355513937396e-02
8.235279807847223354e-01 -2.358693820732080115e-02
8.259168626504393984e-01 -2.331228045471897548e-02
8.282928778764784283e-01 -2.303910202279359221e-02
8.306559326618259131e-01 -2.276741369616144817e-02
8.330059337171257239e-01 -2.249722620061243850e-02
8.353427882683601702e-01 -2.222855020268621473e-02
8.376664040605121819e-01 -2.196139630925121600e-02
8.399766893612097274e-01 -2.169577506708562920e-02
8.422735529643443630e-01 -2.142745664158125785e-02
8.445569041936744625e-01 -2.115944849571572972e-02
8.468266529064025772e-01 -2.089303694401704881e-02
8.490827094967361433e-01 -2.062823250395708075e-02
8.513249848994246527e-01 -2.036504562956162334e-02
8.535533905932737309e-01 -2.010348671099791706e-02
8.557678386046427832e-01 -1.984356607416415397e-02
8.579682415109155524e-01 -1.958490134613108391e-02
8.601545124439535783e-01 -1.932320089316902356e-02
8.623265650935233451e-01 -1.906320239359607371e-02
8.644843137107058872e-01 -1.880491611170774513e-02
8.666276731112800835e-01 -1.854835224420423034e-02
8.687565586790868544e-01 -1.829352091978771189e-02
8.708708863693697122e-01 -1.804043219876247384e-02
8.729705727120909975e-01 -1.778909607263795545e-02
8.750555348152297963e-01 -1.753772358547153742e-02
8.771256903680518802e-01 -1.728526818356210248e-02
8.791809576443609942e-01 -1.703462840648611865e-02
8.812212555057239438e-01 -1.678581414907286129e-02
8.832465034046750318e-01 -1.653883523408312961e-02
8.852566213878947377e-01 -1.629370141182164000e-02
8.872515300993668586e-01 -1.605042235975197296e-02
8.892311507835117812e-01 -1.580900768211444818e-02
8.911954052882939958e-01 -1.556653823731191100e-02
8.931442160683096265e-01 -1.532467864284840775e-02
8.950775061878450956e-01 -1.508474525932751442e-02
8.969951993239178023e-01 -1.484674755890824649e-02
8.988972197692854937e-01 -1.461069493733241353e-02
9.007834924354384265e-01 -1.437659671355324964e-02
9.026539428555611089e-01 -1.414446212936784630e-02
9.045084971874737256e-01 -1.391430034905209723e-02
9.063470822165470286e-01 -1.368231069463235472e-02
9.081696253585920253e-01 -1.345234517352575376e-02
9.099760546627262414e-01 -1.322441287020514888e-02
9.117662988142136715e-01 -1.299852278304763908e-02
9.135402871372810818e-01 -1.277468382980702366e-02
9.152979495979063351e-01 -1.255290484726195865e-02
9.170392168065855110e-01 -1.233319459086691661e-02
9.187640200210709374e-01 -1.211452250306468970e-02
9.204722911490844650e-01 -1.189561919721295047e-02
9.221639627510076487e-01 -1.167884300752980442e-02
9.238389680425416195e-01 -1.146420249196813956e-02
9.254972408973460851e-01 -1.125170612416789839e-02
9.271387158496475767e-01 -1.104136229312190076e-02
9.287633280968262683e-01 -1.083317930284437292e-02
9.303710135019718219e-01 -1.062716537204334843e-02
9.319617085964175818e-01 -1.042149849571148701e-02
9.335353505822450160e-01 -1.021689863843690260e-02
9.350918773347627333e-01 -1.001452404861444268e-02
9.366312274049601871e-01 -9.814382715646358113e-03
9.381533400219317365e-01 -9.616482540769868970e-03
9.396581550952782802e-01 -9.420831336744914242e-03
9.411456132174766953e-01 -9.227436827546092735e-03
9.426156556662277364e-01 -9.036306648057448876e-03
9.440682244067722939e-01 -8.845130077361984533e-03
9.455032620941838939e-01 -8.656068833462426948e-03
9.469207120756319984e-01 -8.469324708894290787e-03
9.483205183926178838e-01 -8.284905075995913082e-03
9.497026257831855389e-01 -8.102817215338536938e-03
9.510669796841013657e-01 -7.923068315439180109e-03
9.524135262330097884e-01 -7.745665472476598312e-03
9.537422122705585537e-01 -7.570121582967132001e-03
9.550529853424978288e-01 -7.395308374442244315e-03
9.563457937017514343e-01 -7.222891056657021469e-03
9.576205863104587657e-01 -7.052876436351912526e-03
9.588773128419906255e-01 -6.885271225412992191e-03
9.601159236829350796e-01 -6.720082040607089358e-03
9.613363699350574443e-01 -6.557315403320274072e-03
9.625386034172289662e-01 -6.396977739300757637e-03
9.637225766673307437e-01 -6.238145968563452159e-03
9.648882429441256736e-01 -6.080979774601646959e-03
9.660355562291054188e-01 -5.926288105234739367e-03
9.671644712283060663e-01 -5.774077067425026355e-03
9.682749433740961420e-01 -5.624352670203613958e-03
9.693669288269370909e-01 -5.477120824433356905e-03
9.704403844771127829e-01 -5.332387342575406475e-03
9.714952679464323726e-01 -5.190157938459810660e-03
9.725315375899024062e-01 -5.049285700563177492e-03
9.735491524973722832e-01 -4.910741798737294772e-03
9.745480724951472995e-01 -4.774743128623720745e-03
9.755282581475768211e-01 -4.641295059217009911e-03
9.764896707586094848e-01 -4.510402858818485239e-03
9.774322723733215312e-01 -4.382071694828099107e-03
9.783560257794152726e-01 -4.256306633540457574e-03
9.792608945086879180e-01 -4.132955101713686741e-03
9.801468428384716436e-01 -4.011325616930044857e-03
9.810138357930429098e-01 -3.892298465085541892e-03
9.818618391450048000e-01 -3.775878345168293126e-03
9.826908194166369404e-01 -3.662069853245242257e-03
9.835007438812175540e-01 -3.550877482280861974e-03
9.842915805643155380e-01 -3.442305621959518280e-03
9.850632982450528985e-01 -3.336358558512331207e-03
9.858158664573370977e-01 -3.232705034599575589e-03
9.865492554910633149e-01 -3.131306872996758583e-03
9.872634363932886181e-01 -3.032564422254691028e-03
9.879583809693737173e-01 -2.936481580556288273e-03
9.886340617840967404e-01 -2.843062141087565609e-03
9.892904521627361447e-01 -2.752309791888063462e-03
9.899275261921234303e-01 -2.664228115705158384e-03
9.905452587216670990e-01 -2.578820589852565126e-03
9.911436253643444161e-01 -2.495726250280300151e-03
9.917226024976648624e-01 -2.415217090376814424e-03
9.922821672646027213e-01 -2.337407300136234989e-03
9.928222975744991352e-01 -2.262299951355850602e-03
9.933429721039340743e-01 -2.189898009145208047e-03
9.938441702975688852e-01 -2.120204331808983600e-03
9.943258723689569756e-01 -2.053221670734239890e-03
9.947880593013254114e-01 -1.988931235398200270e-03
9.952307128483256493e-01 -1.927106246412513268e-03
9.956538155347532948e-01 -1.868011907046052134e-03
9.960573506572389935e-01 -1.811650550242127622e-03
9.964413022849067936e-01 -1.758024401050578556e-03
9.968056552600041975e-01 -1.707135576539953181e-03
9.971503951984994618e-01 -1.658986085713937131e-03
9.974755084906501423e-01 -1.613577829431972477e-03
9.977809823015399981e-01 -1.570870660968171073e-03
9.980668045715862524e-01 -1.530846071818692256e-03
9.983329640170148789e-01 -1.493574929686158903e-03
9.985794501303069115e-01 -1.459058705971433278e-03
9.988062531806125577e-01 -1.427298763315959507e-03
9.990133642141357795e-01 -1.398296355547834491e-03
9.992007750544875666e-01 -1.372052627632486255e-03
9.993684783030087893e-01 -1.348568615627376843e-03
9.995164673390624088e-01 -1.111239043864120646e-03
9.996447363202946024e-01 -8.164554406517865459e-04
9.997532801828658000e-01 -5.670034639706500457e-04
9.998420946416499699e-01 -3.628929617569554011e-04
9.999111761904044826e-01 -2.041319919441342279e-04
9.999605221019081114e-01 -9.072682214350535901e-05
9.999901304280685022e-01 -2.268192939691715537e-05
1.000000000000000000e+00 0.000000000000000000e+00
